Period	Community	MemberNode
0	0	973
0	0	709
0	0	869
0	1	709
0	1	353
0	1	20
0	2	869
0	2	633
0	2	76
0	3	973
0	3	68
0	3	20
0	3	633
0	3	7
0	3	289
0	3	436
0	3	127
0	3	479
0	3	724
0	3	40
0	3	208
0	3	551
0	3	372
0	3	816
0	3	833
0	3	233
0	3	900
0	3	148
0	3	52
0	3	681
0	3	646
0	3	395
0	3	204
0	3	714
0	3	114
0	3	746
0	3	771
0	3	257
0	3	800
0	3	27
0	3	140
0	3	303
0	3	838
0	3	501
0	3	90
0	3	323
0	3	524
0	3	333
0	3	339
0	3	914
0	3	916
0	3	604
0	3	161
0	3	636
0	3	364
0	3	999
0	3	18
0	3	23
0	3	35
0	3	42
0	3	50
0	3	54
0	3	64
0	3	65
0	3	78
0	3	80
0	3	84
0	3	87
0	3	97
0	3	102
0	3	103
0	3	104
0	3	113
0	3	118
0	3	119
0	3	123
0	3	131
0	3	133
0	3	141
0	3	150
0	3	154
0	3	159
0	3	185
0	3	186
0	3	191
0	3	194
0	3	195
0	3	196
0	3	206
0	3	207
0	3	209
0	3	211
0	3	215
0	3	217
0	3	221
0	3	226
0	3	228
0	3	229
0	3	231
0	3	232
0	3	235
0	3	236
0	3	246
0	3	248
0	3	249
0	3	252
0	3	256
0	3	264
0	3	273
0	3	279
0	3	283
0	3	285
0	3	292
0	3	294
0	3	295
0	3	296
0	3	298
0	3	302
0	3	304
0	3	308
0	3	309
0	3	316
0	3	319
0	3	326
0	3	334
0	3	337
0	3	338
0	3	343
0	3	344
0	3	346
0	3	361
0	3	363
0	3	366
0	3	367
0	3	373
0	3	374
0	3	376
0	3	383
0	3	387
0	3	390
0	3	417
0	3	421
0	3	423
0	3	424
0	3	426
0	3	427
0	3	428
0	3	442
0	3	443
0	3	445
0	3	448
0	3	449
0	3	455
0	3	456
0	3	459
0	3	463
0	3	464
0	3	467
0	3	469
0	3	470
0	3	473
0	3	475
0	3	476
0	3	477
0	3	478
0	3	484
0	3	488
0	3	489
0	3	494
0	3	496
0	3	499
0	3	502
0	3	508
0	3	510
0	3	514
0	3	516
0	3	517
0	3	519
0	3	528
0	3	534
0	3	538
0	3	540
0	3	543
0	3	548
0	3	550
0	3	555
0	3	556
0	3	559
0	3	560
0	3	567
0	3	571
0	3	573
0	3	574
0	3	576
0	3	580
0	3	583
0	3	585
0	3	587
0	3	598
0	3	607
0	3	608
0	3	609
0	3	611
0	3	619
0	3	623
0	3	624
0	3	629
0	3	650
0	3	653
0	3	654
0	3	658
0	3	659
0	3	660
0	3	662
0	3	668
0	3	676
0	3	677
0	3	687
0	3	693
0	3	694
0	3	695
0	3	706
0	3	721
0	3	725
0	3	727
0	3	728
0	3	729
0	3	735
0	3	737
0	3	738
0	3	740
0	3	744
0	3	749
0	3	754
0	3	762
0	3	764
0	3	765
0	3	767
0	3	770
0	3	775
0	3	777
0	3	781
0	3	782
0	3	783
0	3	788
0	3	789
0	3	791
0	3	793
0	3	794
0	3	798
0	3	802
0	3	808
0	3	812
0	3	813
0	3	814
0	3	815
0	3	817
0	3	820
0	3	822
0	3	826
0	3	827
0	3	831
0	3	836
0	3	837
0	3	846
0	3	847
0	3	848
0	3	849
0	3	850
0	3	851
0	3	854
0	3	855
0	3	863
0	4	973
0	4	881
0	4	76
0	4	436
0	4	874
0	4	948
0	5	973
0	5	57
0	5	68
0	6	353
0	6	68
0	6	633
0	6	76
0	6	948
0	6	446
0	6	458
0	7	57
0	7	76
0	7	472
0	7	755
0	7	479
0	7	874
0	7	780
0	8	973
0	8	57
0	8	640
0	8	169
0	9	973
0	9	709
0	9	20
0	9	640
0	9	422
0	9	874
0	9	305
0	9	301
0	9	657
0	9	411
0	9	458
0	9	69
0	9	987
0	9	371
0	9	758
0	9	507
0	9	523
0	9	381
0	9	899
0	9	923
0	9	174
0	9	202
0	9	395
0	9	204
0	9	745
0	9	746
0	9	237
0	9	140
0	9	838
0	9	501
0	9	866
0	9	512
0	9	914
0	9	916
0	9	602
0	9	636
0	9	364
0	9	950
0	9	645
0	9	505
0	9	212
0	9	565
0	9	41
0	9	912
0	9	19
0	9	570
0	9	784
0	9	918
0	9	45
0	9	290
0	9	731
0	9	750
0	9	284
0	9	807
0	9	579
0	9	92
0	9	818
0	9	618
0	9	132
0	9	546
0	9	420
0	9	937
0	9	572
0	9	904
0	9	883
0	9	397
0	9	878
0	9	864
0	9	787
0	9	48
0	9	8
0	9	158
0	9	503
0	9	291
0	9	136
0	9	877
0	9	627
0	9	910
0	9	359
0	9	830
0	9	460
0	9	287
0	9	925
0	9	259
0	9	167
0	9	399
0	9	795
0	9	772
0	9	880
0	9	824
0	9	193
0	9	578
0	9	300
0	9	982
0	9	485
0	9	56
0	9	723
0	9	406
0	9	25
0	9	345
0	9	997
0	9	845
0	9	274
0	9	696
0	9	909
0	9	509
0	9	513
0	9	985
0	9	776
0	9	314
0	9	532
0	9	947
0	9	554
0	9	679
0	9	430
0	9	379
0	9	389
0	9	227
0	9	875
0	9	903
0	9	258
0	9	77
0	9	588
0	9	425
0	9	613
0	9	58
0	9	385
0	9	86
0	9	63
0	9	763
0	9	821
0	9	51
0	9	785
0	9	535
0	9	533
0	9	280
0	9	685
0	9	216
0	9	786
0	9	325
0	9	265
0	9	596
0	9	254
0	9	991
0	9	81
0	9	853
0	9	979
0	9	698
0	9	823
0	9	281
0	9	521
0	9	407
0	9	946
0	9	39
0	9	474
0	9	994
0	9	24
0	9	55
0	9	66
0	9	638
0	9	310
0	9	884
0	9	715
0	9	752
0	9	275
0	9	13
0	9	17
0	9	37
0	9	43
0	9	44
0	9	49
0	9	71
0	9	73
0	9	82
0	9	85
0	9	88
0	9	91
0	9	98
0	9	105
0	9	106
0	9	111
0	9	112
0	9	121
0	9	125
0	9	128
0	9	129
0	9	130
0	9	134
0	9	137
0	9	138
0	9	142
0	9	147
0	9	151
0	9	157
0	9	164
0	9	165
0	9	166
0	9	170
0	9	177
0	9	178
0	9	180
0	9	190
0	9	198
0	9	205
0	9	210
0	9	214
0	9	223
0	9	238
0	9	240
0	9	241
0	9	247
0	9	262
0	9	263
0	9	269
0	9	270
0	9	277
0	9	288
0	9	311
0	9	315
0	9	317
0	9	321
0	9	324
0	9	327
0	9	331
0	9	342
0	9	365
0	9	369
0	9	375
0	9	398
0	9	401
0	9	402
0	9	403
0	9	413
0	9	415
0	9	418
0	9	432
0	9	433
0	9	439
0	9	444
0	9	452
0	9	465
0	9	466
0	9	468
0	9	471
0	9	480
0	9	487
0	9	490
0	9	491
0	9	492
0	9	495
0	9	497
0	9	504
0	9	511
0	9	515
0	9	518
0	9	520
0	9	522
0	9	527
0	9	529
0	9	530
0	9	539
0	9	542
0	9	545
0	9	547
0	9	549
0	9	553
0	9	558
0	9	561
0	9	566
0	9	569
0	9	575
0	9	577
0	9	586
0	9	589
0	9	590
0	9	591
0	9	592
0	9	593
0	9	595
0	9	599
0	9	600
0	9	601
0	9	603
0	9	605
0	9	606
0	9	614
0	9	615
0	9	616
0	9	621
0	9	625
0	9	626
0	9	630
0	9	631
0	9	635
0	9	641
0	9	643
0	9	649
0	9	652
0	9	655
0	9	663
0	9	666
0	9	669
0	9	670
0	9	674
0	9	675
0	9	680
0	9	682
0	9	683
0	9	684
0	9	686
0	9	697
0	9	703
0	9	704
0	9	705
0	9	707
0	9	710
0	9	711
0	9	716
0	9	717
0	9	718
0	9	719
0	9	720
0	9	726
0	9	730
0	9	732
0	9	733
0	9	736
0	9	743
0	9	751
0	9	753
0	9	759
0	9	761
0	9	766
0	9	774
0	9	778
0	9	779
0	9	790
0	9	810
0	10	709
0	10	57
0	10	20
0	10	755
0	10	127
0	10	948
0	10	301
0	10	75
0	10	656
0	10	657
0	10	15
0	11	709
0	11	881
0	11	633
0	12	709
0	12	353
0	12	68
0	12	865
0	13	7
0	13	472
0	13	422
0	13	952
0	14	709
0	14	479
0	14	30
0	14	60
0	14	446
0	15	973
0	15	709
0	15	353
0	15	169
0	16	869
0	16	353
0	16	640
0	16	472
0	16	865
0	16	127
0	16	874
0	16	15
0	16	458
0	16	208
0	16	483
0	17	973
0	17	353
0	17	289
0	17	472
0	17	422
0	17	436
0	17	301
0	17	40
0	18	973
0	18	709
0	18	353
0	19	973
0	19	20
0	19	169
0	19	861
0	19	289
0	19	305
0	19	30
0	19	656
0	19	657
0	19	724
0	19	40
0	19	446
0	19	69
0	19	483
0	19	551
0	19	701
0	19	507
0	19	597
0	19	233
0	19	900
0	19	174
0	19	646
0	19	94
0	19	110
0	19	688
0	19	722
0	19	745
0	19	746
0	19	122
0	19	237
0	19	771
0	19	257
0	19	800
0	19	838
0	19	501
0	19	90
0	19	866
0	19	512
0	19	323
0	19	524
0	19	333
0	19	339
0	19	914
0	19	604
0	19	161
0	19	364
0	19	999
0	19	5
0	19	14
0	19	21
0	19	29
0	19	32
0	19	38
0	19	53
0	19	62
0	19	70
0	19	95
0	19	99
0	19	100
0	19	107
0	19	126
0	19	135
0	19	143
0	19	153
0	19	155
0	19	156
0	19	162
0	19	171
0	19	173
0	19	179
0	19	181
0	19	183
0	19	184
0	19	187
0	19	188
0	19	197
0	19	199
0	19	200
0	19	201
0	19	203
0	19	218
0	19	224
0	19	230
0	19	239
0	19	243
0	19	250
0	19	255
0	19	267
0	19	268
0	19	271
0	19	272
0	19	299
0	19	307
0	19	312
0	19	318
0	19	320
0	19	329
0	19	332
0	19	336
0	19	352
0	19	355
0	19	356
0	19	358
0	19	360
0	19	368
0	19	370
0	19	384
0	19	386
0	19	388
0	19	391
0	19	392
0	19	394
0	19	396
0	19	405
0	19	408
0	19	410
0	19	412
0	19	414
0	19	416
0	19	429
0	19	435
0	19	437
0	19	438
0	19	440
0	19	447
0	20	973
0	20	869
0	20	76
0	20	7
0	20	861
0	20	472
0	20	422
0	20	948
0	20	30
0	20	75
0	20	411
0	20	40
0	20	69
0	20	483
0	20	551
0	20	987
0	20	701
0	20	9
0	20	371
0	20	378
0	20	816
0	20	834
0	20	233
0	20	899
0	20	923
0	20	148
0	20	52
0	20	174
0	20	681
0	20	94
0	20	110
0	20	673
0	20	176
0	21	709
0	21	68
0	21	7
0	22	973
0	22	640
0	22	436
0	22	656
0	22	724
0	22	411
0	22	780
0	22	60
0	22	69
0	22	9
0	23	973
0	23	709
0	23	869
0	23	640
0	23	289
0	23	30
0	23	301
0	23	657
0	23	411
0	23	780
0	23	458
0	23	483
0	23	987
0	23	372
0	23	833
0	23	523
0	23	597
0	23	923
0	23	673
0	23	176
0	24	973
0	24	869
0	24	57
0	24	640
0	25	709
0	25	869
0	25	633
0	26	973
0	26	353
0	26	881
0	27	973
0	27	709
0	27	127
0	27	479
0	28	973
0	28	76
0	28	7
0	28	169
0	28	861
0	28	289
0	28	755
0	28	948
0	28	952
0	28	780
0	28	60
0	29	973
0	29	869
0	29	353
0	30	353
0	30	881
0	30	169
0	30	127
0	30	75
0	31	952
0	31	30
0	31	657
0	31	411
0	31	780
0	32	76
0	32	305
0	32	15
0	33	973
0	33	869
0	33	57
0	33	881
0	33	68
0	34	709
0	34	353
0	34	881
0	34	20
0	34	7
0	34	755
0	35	869
0	35	881
0	35	436
0	35	479
0	36	973
0	36	869
0	36	57
0	36	169
0	36	861
0	36	865
0	36	305
0	36	952
0	36	446
0	36	987
0	36	701
0	36	702
0	36	378
0	36	816
0	36	833
0	36	834
0	36	507
0	36	381
0	36	900
0	36	148
0	36	52
0	36	646
0	37	973
0	37	869
0	37	881
0	37	20
0	37	865
0	38	973
0	38	353
0	38	861
0	38	472
0	38	874
0	38	305
0	38	15
0	38	208
0	38	69
0	38	551
0	38	816
0	38	899
0	38	923
0	38	148
0	38	52
0	38	681
0	38	110
0	38	673
0	38	688
0	38	395
0	38	722
0	38	114
0	39	57
0	39	20
0	39	7
0	39	289
0	39	30
0	40	973
0	40	881
0	40	20
0	41	973
0	41	709
0	41	640
0	42	633
0	42	952
0	42	60
0	42	40
0	42	458
0	42	208
0	43	68
0	43	169
0	43	865
0	43	755
0	44	973
0	44	869
0	44	57
0	44	633
0	45	973
0	45	709
0	45	869
0	45	57
0	46	57
0	46	640
0	46	861
0	46	289
0	46	75
0	46	724
0	46	208
0	46	483
0	46	701
0	46	702
0	46	371
0	46	758
0	46	378
0	46	833
0	46	834
0	46	523
0	46	233
0	46	174
0	46	681
0	46	176
0	46	202
0	46	204
0	46	714
0	46	114
0	46	745
0	46	122
0	46	771
0	46	257
0	46	27
0	46	303
0	46	90
0	46	512
0	46	323
0	46	524
0	46	916
0	46	602
0	46	604
0	46	999
0	46	950
0	46	645
0	46	505
0	46	212
0	46	565
0	46	41
0	46	912
0	46	19
0	46	570
0	46	784
0	46	918
0	46	45
0	46	290
0	46	731
0	46	750
0	46	284
0	46	807
0	46	579
0	46	92
0	46	818
0	46	618
0	46	132
0	46	546
0	46	420
0	46	937
0	46	572
0	46	904
0	46	883
0	46	397
0	46	878
0	46	864
0	46	787
0	46	48
0	46	8
0	46	158
0	46	503
0	46	291
0	46	136
0	46	877
0	46	627
0	46	910
0	46	359
0	46	830
0	46	460
0	46	287
0	46	925
0	46	259
0	46	167
0	46	399
0	46	795
0	46	772
0	46	880
0	46	824
0	46	193
0	46	578
0	46	300
0	46	982
0	46	485
0	46	56
0	46	723
0	46	406
0	46	25
0	46	345
0	46	997
0	46	845
0	46	274
0	46	696
0	46	909
0	46	509
0	46	513
0	46	985
0	46	776
0	46	314
0	46	532
0	46	947
0	46	554
0	46	679
0	46	430
0	46	379
0	46	389
0	46	227
0	46	875
0	46	903
0	46	258
0	46	77
0	46	588
0	46	425
0	46	613
0	46	58
0	46	385
0	46	86
0	46	63
0	46	763
0	46	821
0	46	51
0	46	785
0	46	535
0	46	533
0	46	280
0	46	685
0	46	216
0	46	786
0	46	325
0	46	265
0	46	596
0	46	254
0	46	991
0	46	81
0	46	853
0	46	979
0	46	698
0	46	823
0	46	281
0	46	521
0	46	407
0	46	946
0	46	39
0	46	474
0	46	994
0	46	24
0	46	55
0	46	66
0	46	638
0	46	310
0	46	884
0	46	715
0	46	752
0	46	275
0	46	1
0	46	2
0	46	10
0	46	12
0	46	34
0	46	46
0	46	61
0	46	67
0	46	89
0	46	93
0	46	109
0	46	124
0	46	139
0	46	144
0	46	145
0	46	146
0	46	149
0	46	152
0	46	160
0	46	163
0	46	168
0	46	172
0	46	175
0	46	182
0	46	189
0	46	192
0	46	213
0	46	219
0	46	220
0	46	222
0	46	225
0	46	234
0	46	242
0	46	244
0	46	245
0	46	251
0	46	253
0	46	260
0	46	261
0	46	266
0	46	276
0	46	278
0	46	282
0	46	286
0	46	293
0	46	297
0	46	306
0	46	313
0	46	322
0	46	328
0	46	330
0	46	335
0	46	340
0	46	341
0	46	347
0	46	348
0	46	349
0	46	350
0	46	351
0	46	354
0	46	357
0	46	362
0	46	377
0	46	380
0	46	382
0	46	393
0	46	400
0	46	404
0	46	409
0	46	419
0	46	431
0	46	434
0	46	441
0	46	450
0	46	451
0	46	453
0	46	454
0	46	457
0	46	461
0	46	462
0	46	481
0	46	482
0	46	486
0	46	493
0	46	498
0	46	500
0	46	506
0	46	525
0	46	526
0	46	531
0	46	536
0	46	537
0	46	541
0	46	544
0	46	552
0	46	557
0	46	562
0	46	563
0	46	564
0	46	568
0	46	581
0	46	582
0	46	584
0	46	594
0	46	610
0	46	612
0	46	617
0	46	620
0	46	622
0	46	628
0	46	632
0	46	634
0	46	637
0	46	639
0	46	642
0	46	644
0	46	647
0	46	648
0	46	651
0	46	661
0	46	664
0	46	665
0	46	667
0	46	671
0	46	672
0	46	678
0	46	689
0	46	690
0	46	691
0	46	692
0	46	699
0	46	700
0	46	708
0	46	712
0	46	713
0	46	734
0	46	739
0	46	741
0	46	742
0	46	747
0	46	748
0	46	756
0	46	757
0	46	760
0	46	768
0	46	769
0	46	773
0	46	792
0	46	796
0	46	797
0	46	799
0	46	801
0	46	803
0	46	804
0	46	805
0	46	806
0	46	809
0	46	811
0	46	819
0	46	825
0	46	828
0	46	829
0	46	832
0	46	835
0	46	839
0	46	840
0	46	841
0	46	842
0	46	843
0	46	844
0	46	852
0	46	856
0	46	857
0	46	858
0	46	859
0	46	860
0	46	862
0	46	867
0	46	868
0	46	870
0	46	871
0	46	872
0	46	873
0	46	876
0	46	879
0	46	882
0	46	885
0	46	886
0	46	887
0	46	888
0	46	889
0	46	890
0	46	891
0	46	892
0	46	893
0	46	894
0	46	895
0	46	896
0	46	897
0	46	898
0	46	901
0	46	902
0	46	905
0	46	906
0	46	907
0	46	908
0	46	911
0	46	913
0	46	915
0	46	917
0	46	919
0	46	920
0	46	921
0	46	922
0	46	924
0	46	926
0	46	927
0	46	928
0	46	929
0	46	930
0	46	931
0	46	932
0	46	933
0	46	934
0	46	935
0	46	936
0	46	938
0	46	939
0	46	940
0	46	941
0	46	942
0	46	943
0	46	944
0	46	945
0	46	949
0	46	951
0	46	953
0	46	954
0	46	955
0	46	956
0	46	957
0	46	958
0	46	959
0	46	960
0	46	961
0	46	962
0	46	963
0	46	964
0	46	965
0	46	966
0	46	967
0	46	968
0	46	969
0	46	970
0	46	971
0	46	972
0	46	974
0	46	975
0	46	976
0	46	977
0	46	978
0	46	980
0	46	981
0	46	983
0	46	984
0	46	986
0	46	988
0	46	989
0	46	990
0	46	992
0	46	993
0	46	995
0	46	996
0	46	998
0	47	68
0	47	865
0	47	422
0	47	656
0	47	15
0	47	724
0	47	987
0	47	702
0	47	9
0	47	372
0	47	758
0	47	834
0	47	507
0	47	381
0	47	597
0	47	899
0	47	900
0	47	94
0	47	688
0	47	202
0	47	714
0	47	722
0	47	122
0	47	237
0	47	800
0	47	27
0	47	140
0	47	303
0	47	866
0	47	333
0	47	339
0	47	602
0	47	161
0	47	636
0	47	0
0	47	3
0	47	4
0	47	6
0	47	11
0	47	16
0	47	22
0	47	26
0	47	28
0	47	31
0	47	33
0	47	36
0	47	47
0	47	59
0	47	72
0	47	74
0	47	79
0	47	83
0	47	96
0	47	101
0	47	108
0	47	115
0	47	116
0	47	117
0	47	120
0	48	973
0	48	709
0	48	861
0	48	755
0	48	479
0	48	305
0	48	948
0	48	75
0	48	446
0	48	551
0	48	702
0	48	9
0	48	371
0	48	372
0	48	758
0	48	378
0	48	523
0	48	381
0	48	597
0	49	973
0	49	709
0	49	869
0	49	353
0	49	633
0	49	640
0	49	7
0	49	472
0	50	869
0	50	57
0	50	881
0	50	68
0	50	633
0	50	127
0	50	874
0	50	656
0	50	60
0	51	869
0	51	881
0	51	68
0	52	973
0	52	709
0	52	76
0	52	861
0	53	68
0	53	20
0	53	76
0	53	169
0	53	865
0	53	422
0	53	436
0	53	952
0	53	301
1	0	235
1	0	353
1	0	451
1	0	617
1	0	351
1	0	807
1	0	183
1	0	109
1	0	626
1	0	777
1	0	794
1	0	485
1	0	853
1	0	867
1	0	868
1	0	896
1	0	938
1	0	949
1	0	96
1	0	993
1	0	136
1	0	28
1	0	356
1	0	976
1	0	3
1	0	567
1	0	987
1	0	83
1	0	319
1	0	834
1	0	722
1	0	550
1	0	419
1	0	909
1	0	285
1	0	897
1	0	437
1	0	930
1	0	695
1	0	224
1	0	13
1	0	631
1	0	548
1	0	90
1	0	627
1	0	533
1	0	1
1	0	214
1	0	155
1	0	408
1	0	720
1	0	328
1	0	354
1	0	9
1	0	14
1	0	18
1	0	50
1	0	69
1	0	92
1	0	143
1	0	154
1	0	161
1	0	184
1	0	188
1	0	245
1	0	265
1	0	272
1	0	274
1	0	277
1	0	288
1	0	295
1	0	297
1	0	302
1	0	305
1	0	336
1	0	359
1	0	361
1	0	362
1	0	365
1	0	380
1	0	383
1	0	386
1	0	388
1	0	389
1	0	393
1	0	402
1	0	403
1	0	407
1	0	411
1	0	413
1	0	421
1	0	422
1	0	427
1	0	430
1	0	431
1	0	432
1	0	436
1	0	438
1	0	446
1	0	453
1	0	460
1	0	462
1	0	468
1	0	476
1	0	483
1	0	484
1	0	486
1	0	487
1	0	497
1	0	498
1	0	501
1	0	507
1	0	509
1	0	512
1	0	515
1	0	517
1	0	519
1	0	521
1	0	526
1	0	532
1	0	540
1	0	551
1	0	559
1	0	560
1	0	562
1	0	563
1	0	577
1	0	583
1	0	586
1	0	587
1	0	590
1	0	593
1	0	595
1	0	602
1	0	603
1	0	610
1	0	624
1	0	632
1	0	633
1	0	635
1	0	638
1	0	641
1	0	643
1	0	644
1	0	646
1	0	650
1	0	651
1	0	653
1	0	660
1	0	661
1	0	663
1	0	664
1	0	665
1	0	666
1	0	668
1	0	670
1	0	673
1	0	675
1	0	677
1	0	680
1	1	235
1	1	145
1	1	579
1	1	148
1	2	145
1	2	147
1	2	370
1	2	206
1	2	12
1	3	235
1	3	617
1	3	997
1	3	304
1	4	235
1	4	696
1	4	370
1	4	254
1	4	718
1	4	12
1	4	148
1	4	565
1	5	235
1	5	145
1	5	417
1	5	182
1	5	815
1	5	569
1	5	570
1	5	2
1	5	758
1	5	95
1	5	868
1	5	513
1	5	522
1	5	957
1	5	994
1	5	367
1	5	211
1	5	623
1	5	48
1	5	207
1	5	613
1	5	789
1	5	536
1	5	239
1	5	516
1	5	33
1	5	662
1	5	337
1	5	944
1	5	156
1	5	555
1	5	439
1	5	391
1	5	253
1	5	943
1	5	826
1	5	27
1	5	694
1	5	310
1	5	685
1	5	712
1	5	645
1	5	554
1	5	510
1	5	561
1	5	616
1	5	346
1	5	71
1	5	94
1	5	107
1	5	115
1	5	117
1	5	133
1	5	135
1	5	164
1	5	196
1	5	212
1	5	225
1	5	231
1	5	237
1	5	244
1	5	249
1	5	250
1	5	275
1	5	282
1	5	290
1	5	303
1	5	321
1	5	330
1	5	331
1	5	332
1	5	347
1	6	235
1	6	451
1	6	147
1	7	451
1	7	333
1	7	131
1	7	799
1	8	725
1	8	333
1	8	997
1	8	708
1	8	182
1	8	32
1	8	751
1	8	691
1	8	215
1	9	725
1	9	182
1	9	287
1	9	687
1	9	698
1	10	145
1	10	32
1	10	751
1	10	571
1	10	2
1	11	235
1	11	353
1	11	377
1	11	179
1	11	254
1	11	68
1	11	570
1	11	598
1	11	679
1	11	379
1	11	398
1	12	235
1	12	353
1	12	145
1	13	235
1	13	451
1	13	696
1	13	799
1	13	45
1	13	565
1	13	568
1	13	570
1	13	379
1	14	235
1	14	451
1	14	751
1	14	691
1	14	382
1	14	687
1	14	807
1	15	147
1	15	182
1	15	946
1	16	235
1	16	547
1	16	696
1	16	622
1	17	235
1	17	725
1	17	617
1	17	377
1	17	473
1	17	121
1	17	961
1	18	235
1	18	617
1	18	579
1	18	872
1	18	32
1	19	235
1	19	547
1	19	417
1	19	585
1	19	698
1	19	215
1	19	693
1	19	758
1	20	725
1	20	493
1	20	287
1	21	235
1	21	451
1	21	799
1	21	62
1	21	553
1	21	568
1	21	398
1	21	831
1	21	513
1	21	903
1	21	998
1	21	24
1	21	25
1	21	26
1	21	66
1	21	75
1	21	78
1	21	80
1	21	98
1	21	110
1	21	129
1	21	146
1	21	153
1	21	162
1	21	191
1	21	202
1	22	353
1	22	872
1	22	182
1	22	326
1	22	254
1	23	235
1	23	725
1	23	617
1	23	579
1	23	304
1	24	235
1	24	417
1	24	751
1	25	235
1	25	147
1	25	417
1	25	872
1	25	622
1	25	719
1	25	131
1	25	351
1	25	89
1	25	123
1	25	543
1	25	807
1	25	907
1	25	401
1	25	137
1	25	794
1	25	95
1	25	809
1	26	145
1	26	696
1	26	417
1	26	254
1	26	351
1	26	20
1	27	235
1	27	417
1	27	477
1	28	235
1	28	451
1	28	547
1	28	477
1	28	541
1	28	131
1	28	287
1	28	676
1	28	687
1	28	123
1	28	890
1	28	907
1	28	992
1	28	183
1	28	137
1	28	784
1	28	833
1	29	235
1	29	725
1	29	622
1	29	377
1	30	235
1	30	145
1	30	872
1	30	997
1	30	377
1	31	235
1	31	451
1	31	585
1	32	235
1	32	451
1	32	622
1	32	708
1	33	235
1	33	417
1	33	719
1	33	477
1	34	235
1	34	547
1	34	333
1	35	235
1	35	708
1	35	719
1	35	477
1	35	785
1	36	235
1	36	719
1	36	477
1	36	131
1	36	382
1	36	206
1	36	101
1	36	815
1	36	961
1	36	568
1	36	569
1	36	656
1	36	401
1	36	729
1	36	794
1	36	500
1	36	503
1	36	899
1	36	949
1	36	399
1	36	529
1	36	878
1	36	151
1	36	759
1	36	86
1	36	82
1	36	384
1	36	404
1	36	594
1	36	596
1	36	839
1	36	538
1	36	615
1	36	838
1	36	256
1	36	314
1	36	606
1	36	443
1	36	106
1	36	974
1	36	589
1	36	605
1	36	366
1	36	566
1	36	125
1	36	4
1	36	30
1	36	47
1	36	49
1	36	58
1	37	235
1	37	946
1	37	179
1	38	235
1	38	997
1	38	785
1	39	235
1	39	353
1	39	547
1	39	997
1	39	131
1	39	326
1	39	543
1	39	553
1	39	571
1	39	425
1	39	459
1	39	258
1	39	805
1	39	867
1	39	868
1	39	957
1	39	21
1	39	36
1	39	72
1	39	77
1	39	84
1	39	88
1	39	122
1	39	139
1	39	140
1	39	160
1	39	167
1	39	168
1	39	175
1	39	195
1	39	201
1	39	205
1	39	242
1	39	246
1	39	251
1	39	260
1	39	269
1	40	235
1	40	353
1	40	304
1	40	206
1	41	235
1	41	872
1	41	708
1	41	714
1	41	719
1	41	179
1	41	62
1	42	235
1	42	145
1	42	547
1	42	147
1	42	477
1	42	287
1	42	785
1	42	123
1	42	543
1	42	45
1	43	235
1	43	333
1	43	179
1	43	676
1	43	961
1	43	656
1	43	401
1	43	42
1	43	258
1	43	833
1	43	854
1	43	292
1	43	994
1	43	96
1	43	998
1	43	410
1	43	980
1	43	924
1	43	843
1	43	456
1	43	744
1	43	869
1	43	987
1	43	83
1	43	319
1	43	834
1	43	722
1	43	550
1	43	419
1	43	909
1	43	285
1	43	897
1	43	437
1	43	930
1	43	695
1	43	224
1	43	13
1	43	631
1	43	548
1	43	90
1	43	627
1	43	533
1	43	1
1	43	214
1	43	155
1	43	408
1	43	720
1	43	328
1	43	354
1	43	8
1	43	38
1	43	39
1	43	57
1	43	70
1	43	118
1	43	130
1	43	138
1	43	141
1	43	170
1	43	173
1	43	200
1	43	208
1	43	217
1	43	221
1	43	227
1	43	230
1	43	267
1	43	280
1	43	286
1	43	307
1	43	308
1	43	309
1	43	311
1	43	313
1	43	315
1	43	317
1	43	320
1	43	324
1	43	327
1	43	329
1	43	342
1	43	345
1	43	350
1	43	357
1	43	358
1	43	369
1	43	375
1	43	387
1	43	390
1	43	395
1	43	396
1	43	409
1	43	415
1	43	423
1	43	434
1	43	435
1	43	440
1	43	449
1	43	452
1	43	458
1	43	467
1	43	470
1	43	475
1	43	478
1	43	480
1	43	489
1	43	491
1	43	492
1	43	494
1	43	496
1	43	502
1	43	504
1	43	505
1	43	508
1	43	520
1	43	525
1	43	528
1	43	530
1	43	534
1	43	535
1	43	539
1	43	564
1	43	572
1	43	575
1	43	578
1	43	581
1	43	582
1	43	591
1	43	599
1	43	600
1	43	601
1	43	609
1	43	611
1	43	614
1	43	619
1	43	620
1	43	621
1	43	625
1	43	629
1	43	630
1	43	634
1	43	636
1	43	637
1	43	639
1	43	642
1	43	647
1	43	649
1	43	652
1	43	655
1	43	658
1	43	667
1	43	669
1	43	671
1	43	678
1	43	682
1	43	683
1	43	684
1	43	686
1	43	688
1	43	689
1	43	690
1	43	697
1	43	699
1	43	700
1	43	701
1	43	702
1	43	703
1	43	704
1	43	705
1	43	706
1	43	707
1	43	709
1	43	710
1	43	711
1	43	713
1	43	715
1	43	716
1	43	717
1	43	721
1	43	723
1	43	724
1	43	727
1	43	728
1	43	730
1	43	731
1	43	732
1	43	733
1	43	734
1	43	735
1	43	736
1	43	737
1	43	738
1	43	739
1	43	740
1	43	741
1	43	742
1	43	743
1	43	745
1	43	746
1	43	747
1	43	748
1	43	749
1	43	750
1	43	752
1	43	754
1	43	755
1	43	756
1	43	757
1	43	760
1	43	761
1	43	762
1	43	763
1	43	764
1	43	765
1	43	766
1	43	767
1	43	768
1	43	769
1	43	770
1	43	771
1	43	772
1	43	773
1	43	774
1	43	776
1	43	778
1	43	779
1	43	780
1	43	781
1	43	782
1	43	783
1	43	786
1	43	787
1	43	788
1	43	790
1	43	791
1	43	792
1	43	793
1	43	796
1	43	797
1	43	798
1	43	800
1	43	801
1	43	802
1	43	803
1	43	804
1	43	806
1	43	808
1	43	810
1	43	811
1	43	812
1	43	813
1	43	814
1	43	816
1	43	817
1	43	818
1	43	819
1	43	820
1	43	821
1	43	822
1	43	823
1	43	824
1	43	825
1	43	827
1	43	828
1	43	829
1	43	830
1	43	832
1	43	835
1	43	836
1	43	837
1	43	840
1	43	841
1	43	842
1	43	844
1	43	845
1	43	846
1	43	847
1	43	848
1	43	849
1	43	850
1	43	851
1	43	852
1	43	855
1	43	856
1	43	858
1	43	859
1	43	860
1	43	861
1	43	862
1	43	863
1	43	864
1	43	865
1	43	870
1	43	871
1	43	873
1	43	874
1	43	875
1	43	877
1	43	879
1	43	880
1	43	881
1	43	882
1	43	883
1	43	884
1	43	885
1	43	886
1	43	887
1	43	888
1	43	889
1	43	892
1	43	893
1	43	894
1	43	895
1	43	898
1	43	900
1	43	901
1	43	902
1	43	904
1	43	906
1	43	908
1	43	910
1	43	911
1	43	912
1	43	914
1	43	915
1	43	916
1	43	917
1	43	919
1	43	920
1	43	921
1	43	922
1	43	923
1	43	925
1	43	926
1	43	927
1	43	928
1	43	929
1	43	931
1	43	932
1	43	933
1	43	934
1	43	935
1	43	936
1	43	937
1	43	939
1	43	941
1	43	942
1	43	945
1	43	947
1	43	948
1	43	950
1	43	951
1	43	952
1	43	953
1	43	954
1	43	955
1	43	956
1	43	958
1	43	959
1	43	960
1	43	962
1	43	963
1	43	964
1	43	965
1	43	966
1	43	967
1	43	968
1	43	970
1	43	971
1	43	972
1	43	973
1	43	975
1	43	977
1	43	978
1	43	979
1	43	981
1	43	982
1	43	983
1	43	984
1	43	985
1	43	986
1	43	988
1	43	989
1	43	990
1	43	991
1	43	995
1	43	996
1	43	999
1	44	235
1	44	333
1	44	622
1	45	235
1	45	751
1	45	799
1	45	197
1	45	372
1	45	656
1	46	235
1	46	353
1	46	617
1	46	997
1	46	622
1	46	370
1	46	585
1	46	131
1	46	946
1	46	718
1	47	235
1	47	708
1	47	714
1	47	541
1	47	785
1	47	382
1	47	206
1	47	100
1	47	907
1	47	20
1	47	598
1	48	235
1	48	353
1	48	417
1	48	714
1	48	179
1	48	121
1	49	235
1	49	353
1	49	696
1	49	997
1	50	235
1	50	493
1	50	32
1	50	751
1	51	235
1	51	477
1	51	377
1	51	304
1	52	714
1	52	473
1	52	543
1	52	626
1	52	654
1	52	659
1	52	672
1	52	42
1	52	753
1	52	268
1	52	831
1	52	503
1	52	938
1	52	949
1	52	292
1	52	994
1	52	998
1	52	662
1	52	337
1	52	944
1	52	156
1	52	555
1	52	439
1	52	391
1	52	253
1	52	943
1	52	0
1	52	17
1	53	235
1	53	493
1	53	304
1	53	687
1	53	544
1	53	907
1	53	992
1	53	183
1	53	896
1	53	905
1	53	522
1	53	96
1	53	44
1	53	490
1	53	891
1	53	232
1	53	23
1	53	35
1	53	52
1	53	59
1	53	74
1	53	112
1	53	149
1	53	159
1	53	165
1	54	235
1	54	32
1	54	101
1	54	654
1	55	147
1	55	493
1	55	719
1	55	473
1	55	326
1	55	691
1	55	351
1	55	123
1	55	815
1	55	544
1	55	372
1	55	40
1	55	466
1	55	268
1	55	485
1	55	805
1	55	809
1	55	899
1	55	524
1	55	826
1	55	27
1	55	694
1	55	310
1	55	685
1	55	712
1	55	645
1	55	554
1	55	510
1	55	561
1	55	616
1	55	346
1	55	993
1	55	136
1	55	28
1	55	356
1	55	976
1	55	3
1	55	567
1	55	79
1	55	213
1	55	189
1	55	306
1	55	775
1	55	368
1	55	657
1	55	273
1	55	607
1	55	648
1	55	193
1	55	940
1	55	918
1	55	876
1	55	99
1	55	335
1	55	247
1	55	969
1	55	640
1	55	76
1	55	857
1	55	433
1	55	574
1	55	866
1	55	523
1	55	7
1	55	54
1	55	63
1	55	102
1	55	103
1	55	105
1	55	116
1	55	119
1	55	126
1	55	152
1	55	157
1	55	177
1	55	180
1	55	241
1	55	252
1	55	259
1	55	261
1	55	266
1	55	276
1	55	298
1	55	299
1	55	300
1	55	301
1	55	316
1	55	318
1	55	323
1	55	325
1	55	339
1	55	349
1	55	352
1	55	363
1	55	371
1	55	373
1	55	374
1	55	378
1	55	392
1	55	400
1	55	412
1	55	420
1	55	426
1	55	448
1	55	450
1	55	454
1	55	461
1	55	463
1	55	464
1	55	465
1	55	471
1	55	472
1	55	481
1	55	482
1	55	488
1	55	499
1	55	506
1	55	511
1	55	514
1	55	527
1	55	531
1	55	542
1	55	545
1	55	546
1	55	552
1	55	556
1	55	557
1	55	558
1	55	573
1	55	576
1	55	580
1	55	584
1	55	588
1	55	592
1	55	597
1	55	604
1	55	608
1	55	618
1	55	628
1	56	235
1	56	353
1	56	145
1	56	541
1	56	179
1	56	473
1	56	121
1	56	89
1	56	215
1	56	565
1	56	22
1	56	758
1	56	784
1	56	795
1	56	809
1	57	235
1	57	353
1	57	541
1	57	121
1	57	691
1	58	235
1	58	622
1	58	370
1	58	676
1	59	235
1	59	451
1	59	147
1	59	872
1	59	541
1	59	946
1	60	235
1	60	353
1	60	547
1	60	617
1	61	696
1	61	370
1	61	585
1	61	946
1	61	473
1	61	89
1	61	100
1	61	12
1	61	890
1	61	961
1	61	22
1	61	659
1	61	137
1	61	899
1	61	905
1	61	522
1	61	524
1	61	537
1	61	444
1	61	55
1	61	445
1	61	692
1	61	674
1	61	913
1	61	15
1	61	37
1	61	518
1	61	549
1	61	612
1	61	294
1	61	495
1	61	681
1	61	367
1	61	211
1	61	623
1	61	48
1	61	207
1	61	613
1	61	789
1	61	536
1	61	239
1	61	516
1	61	33
1	61	44
1	61	490
1	61	891
1	61	232
1	61	399
1	61	529
1	61	878
1	61	151
1	61	759
1	61	86
1	61	82
1	61	384
1	61	404
1	61	594
1	61	596
1	61	839
1	61	538
1	61	615
1	61	838
1	61	256
1	61	314
1	61	606
1	61	443
1	61	106
1	61	974
1	61	589
1	61	605
1	61	366
1	61	566
1	61	125
1	61	410
1	61	980
1	61	924
1	61	843
1	61	456
1	61	744
1	61	869
1	61	79
1	61	213
1	61	189
1	61	306
1	61	775
1	61	368
1	61	657
1	61	273
1	61	607
1	61	648
1	61	193
1	61	940
1	61	918
1	61	876
1	61	99
1	61	335
1	61	247
1	61	969
1	61	640
1	61	76
1	61	857
1	61	433
1	61	574
1	61	866
1	61	523
1	61	5
1	61	29
1	61	41
1	61	43
1	61	60
1	61	67
1	61	97
1	61	111
1	61	142
1	61	150
1	61	158
1	61	169
1	61	176
1	61	181
1	61	203
1	61	204
1	61	209
1	61	210
1	61	226
1	61	228
1	61	229
1	61	233
1	61	238
1	61	264
1	61	278
1	61	283
1	61	284
1	61	293
1	61	296
1	61	322
1	61	340
1	61	341
1	61	344
1	61	355
1	61	360
1	61	364
1	61	376
1	61	385
1	61	397
1	61	405
1	61	414
1	61	418
1	61	424
1	61	441
1	61	442
1	61	447
1	61	455
1	61	457
1	61	469
1	61	474
1	61	479
1	62	235
1	62	547
1	62	32
1	63	235
1	63	353
1	63	579
1	63	493
1	63	807
1	63	544
1	63	379
1	63	729
1	63	753
1	63	777
1	63	805
1	63	95
1	63	6
1	63	10
1	63	53
1	63	81
1	63	85
1	63	91
1	63	108
1	63	114
1	63	124
1	63	171
1	63	174
1	63	185
1	63	199
1	63	216
1	63	218
1	63	236
1	63	243
1	63	248
1	63	255
1	63	257
1	63	271
1	63	281
1	63	289
1	63	291
1	63	312
1	63	334
1	63	338
1	63	343
1	63	348
1	63	381
1	63	394
1	63	406
1	63	416
1	63	428
1	63	429
1	64	235
1	64	696
1	64	872
1	64	718
1	64	544
1	64	890
1	64	45
1	64	56
1	65	235
1	65	696
1	65	32
1	65	718
1	65	992
1	65	22
1	65	672
1	65	2
1	66	235
1	66	725
1	66	147
1	67	235
1	67	585
1	67	197
1	67	100
1	67	109
1	67	459
1	67	853
1	67	903
1	67	905
1	67	292
1	67	19
1	67	31
1	68	235
1	68	579
1	68	182
1	69	235
1	69	696
1	69	333
1	69	493
1	69	708
1	69	121
1	69	89
1	69	197
1	69	215
1	69	659
1	69	459
1	69	726
1	69	795
1	69	500
1	69	854
1	69	903
1	69	524
1	69	16
1	69	34
1	69	46
1	69	51
1	69	73
1	69	93
1	69	113
1	69	144
1	69	172
1	69	178
1	69	186
1	69	187
1	69	192
1	69	194
1	69	198
1	69	219
1	69	220
1	69	222
1	69	223
1	70	235
1	70	691
1	70	382
1	70	62
1	70	676
1	70	56
1	70	148
1	70	109
1	70	372
1	70	466
1	70	729
1	70	784
1	70	485
1	70	500
1	70	854
1	70	867
1	71	235
1	71	145
1	71	541
1	71	326
1	71	68
1	71	101
1	71	56
1	71	553
1	71	693
1	71	425
1	71	268
1	72	333
1	72	579
1	72	714
1	72	585
1	73	235
1	73	696
1	73	725
1	73	708
1	73	287
1	73	626
1	73	679
1	74	235
1	74	547
1	74	579
1	74	254
1	74	68
1	74	197
1	74	56
1	74	598
1	74	672
1	74	726
1	74	258
1	75	235
1	75	353
1	75	451
1	75	785
1	75	698
1	75	679
1	75	40
1	75	42
1	75	777
1	76	235
1	76	547
1	76	579
1	76	493
1	76	377
1	76	382
1	76	68
1	77	235
1	77	725
1	77	417
1	78	235
1	78	617
1	78	997
1	78	326
1	78	100
1	79	235
1	79	547
1	79	725
1	79	370
1	80	235
1	80	714
1	80	182
1	81	235
1	81	145
1	81	719
1	81	992
1	81	40
1	81	693
1	81	398
1	81	726
1	81	795
1	81	831
1	81	513
1	81	938
1	81	537
1	81	444
1	81	55
1	81	445
1	81	692
1	81	674
1	81	913
1	81	15
1	81	37
1	81	518
1	81	549
1	81	612
1	81	294
1	81	495
1	81	681
1	81	11
1	81	61
1	81	87
1	81	104
1	81	120
1	81	127
1	81	128
1	81	132
1	81	134
1	81	163
1	81	166
1	81	190
1	81	234
1	81	240
1	81	262
1	81	263
1	81	270
1	81	279
1	82	235
1	82	304
1	82	946
1	82	62
1	82	698
1	82	101
1	82	815
1	82	890
1	82	45
1	82	569
1	82	571
1	82	425
1	82	466
1	82	753
1	82	833
1	82	853
1	82	503
1	82	896
1	82	957
1	82	537
1	82	64
1	82	65
1	83	235
1	83	799
1	83	20
1	83	654
1	84	235
1	84	147
1	84	872
1	84	714
1	85	235
1	85	333
1	85	12
2	0	539
2	0	55
2	0	820
2	1	914
2	1	767
2	1	329
2	1	726
2	2	539
2	2	914
2	2	537
2	2	886
2	2	661
2	2	628
2	2	157
2	2	108
2	2	266
2	2	415
2	2	109
2	2	161
2	3	914
2	3	302
2	3	326
2	3	290
2	3	53
2	3	400
2	3	140
2	3	87
2	3	457
2	3	780
2	3	527
2	3	556
2	3	562
2	3	591
2	3	182
2	3	414
2	3	790
2	3	747
2	3	936
2	3	988
2	3	479
2	3	165
2	3	529
2	3	842
2	3	530
2	3	624
2	3	877
2	3	2
2	3	605
2	3	375
2	3	262
2	3	704
2	3	178
2	3	81
2	3	164
2	3	864
2	3	782
2	3	247
2	3	614
2	3	745
2	3	6
2	3	33
2	3	41
2	3	50
2	4	914
2	4	227
2	4	767
2	4	302
2	5	539
2	5	937
2	5	620
2	5	830
2	5	96
2	5	577
2	5	954
2	5	87
2	5	490
2	5	780
2	5	781
2	5	806
2	5	25
2	5	946
2	5	1
2	5	931
2	5	995
2	5	561
2	5	5
2	5	549
2	5	242
2	5	15
2	5	772
2	5	959
2	5	443
2	5	685
2	5	901
2	5	826
2	5	245
2	5	481
2	5	682
2	5	425
2	5	446
2	5	222
2	5	942
2	5	378
2	5	662
2	5	867
2	5	254
2	5	225
2	5	945
2	5	434
2	5	341
2	5	444
2	5	3
2	5	941
2	5	897
2	5	219
2	5	535
2	5	980
2	5	182
2	5	414
2	5	790
2	5	747
2	5	936
2	5	988
2	5	479
2	5	165
2	5	529
2	5	842
2	5	530
2	5	624
2	5	877
2	5	2
2	5	605
2	5	375
2	5	262
2	5	704
2	5	178
2	5	81
2	5	164
2	5	864
2	5	782
2	5	247
2	5	614
2	5	745
2	5	411
2	5	348
2	5	508
2	5	355
2	5	170
2	5	14
2	5	240
2	5	802
2	5	28
2	5	970
2	5	462
2	5	39
2	5	42
2	5	43
2	5	63
2	5	66
2	5	77
2	5	82
2	5	88
2	5	101
2	5	114
2	5	122
2	5	124
2	5	126
2	5	127
2	5	128
2	5	129
2	5	146
2	5	153
2	5	160
2	5	171
2	5	181
2	5	183
2	5	185
2	5	186
2	5	190
2	5	191
2	5	195
2	5	197
2	5	198
2	5	203
2	5	210
2	5	215
2	5	216
2	5	223
2	5	228
2	5	233
2	5	244
2	5	248
2	5	250
2	5	258
2	5	259
2	5	267
2	5	268
2	5	271
2	5	273
2	5	277
2	5	279
2	5	280
2	5	284
2	5	297
2	5	299
2	5	305
2	5	308
2	5	311
2	5	315
2	5	318
2	5	321
2	5	324
2	5	325
2	5	335
2	5	336
2	5	337
2	5	340
2	5	343
2	5	344
2	5	347
2	5	350
2	5	351
2	5	354
2	5	362
2	5	363
2	5	365
2	5	366
2	5	370
2	5	372
2	5	374
2	5	377
2	5	382
2	5	390
2	5	395
2	5	396
2	5	398
2	5	402
2	5	404
2	5	405
2	5	406
2	5	408
2	5	410
2	5	418
2	5	427
2	5	431
2	5	435
2	5	436
2	5	437
2	5	438
2	5	439
2	5	440
2	5	441
2	5	445
2	5	447
2	5	448
2	5	452
2	5	453
2	5	456
2	5	466
2	5	467
2	5	468
2	5	471
2	5	472
2	5	476
2	5	478
2	5	482
2	5	485
2	5	488
2	5	491
2	5	493
2	5	496
2	5	498
2	5	499
2	5	501
2	5	506
2	5	510
2	5	512
2	5	514
2	5	519
2	5	520
2	5	522
2	5	523
2	5	532
2	5	534
2	5	540
2	5	543
2	5	545
2	5	547
2	5	548
2	5	550
2	5	551
2	5	552
2	5	557
2	5	564
2	5	566
2	5	567
2	5	569
2	5	570
2	5	572
2	5	580
2	5	581
2	5	584
2	5	588
2	5	590
2	5	594
2	5	596
2	5	597
2	5	598
2	5	599
2	5	602
2	5	604
2	5	607
2	5	610
2	5	611
2	5	615
2	5	621
2	5	627
2	5	632
2	5	636
2	5	638
2	5	642
2	5	644
2	5	647
2	5	651
2	5	655
2	5	659
2	5	670
2	5	672
2	5	676
2	5	678
2	5	679
2	5	680
2	5	681
2	5	683
2	5	684
2	5	689
2	5	691
2	5	692
2	5	693
2	5	700
2	5	701
2	5	703
2	5	708
2	5	710
2	5	713
2	5	717
2	5	718
2	5	720
2	5	721
2	5	722
2	5	724
2	5	729
2	5	731
2	5	734
2	5	741
2	5	743
2	5	744
2	5	748
2	5	749
2	5	752
2	5	757
2	5	759
2	5	763
2	5	766
2	5	768
2	5	769
2	5	774
2	5	775
2	5	777
2	5	778
2	5	779
2	5	783
2	5	784
2	5	785
2	5	794
2	5	795
2	5	798
2	5	799
2	5	800
2	5	801
2	5	803
2	5	805
2	5	808
2	5	809
2	5	814
2	5	815
2	5	816
2	5	818
2	5	824
2	5	825
2	5	827
2	5	832
2	5	833
2	5	837
2	5	839
2	5	840
2	5	846
2	5	848
2	5	851
2	5	852
2	5	853
2	5	855
2	5	857
2	5	860
2	5	866
2	5	868
2	5	869
2	5	871
2	5	872
2	5	874
2	5	875
2	5	878
2	5	879
2	5	881
2	5	882
2	5	884
2	5	888
2	5	891
2	5	892
2	5	894
2	5	895
2	5	898
2	5	902
2	5	903
2	5	906
2	5	908
2	5	911
2	5	916
2	5	921
2	5	922
2	5	923
2	5	924
2	5	925
2	5	933
2	5	934
2	5	939
2	5	943
2	5	947
2	5	952
2	5	955
2	5	960
2	5	961
2	5	963
2	5	964
2	5	969
2	5	973
2	5	974
2	5	976
2	5	978
2	5	979
2	5	981
2	5	982
2	5	983
2	5	986
2	5	990
2	6	539
2	6	914
2	6	767
2	6	275
2	7	539
2	7	643
2	7	674
2	7	702
2	7	400
2	7	475
2	7	132
2	7	625
2	7	650
2	7	457
2	7	135
2	8	539
2	8	914
2	8	55
2	8	184
2	9	302
2	9	174
2	9	412
2	10	55
2	10	998
2	10	275
2	10	449
2	10	75
2	10	230
2	10	257
2	10	266
2	10	806
2	10	527
2	11	539
2	11	449
2	11	76
2	11	433
2	11	457
2	11	515
2	11	870
2	11	946
2	11	994
2	11	10
2	11	26
2	11	51
2	11	59
2	11	68
2	11	74
2	11	79
2	12	767
2	12	93
2	12	386
2	12	806
2	12	25
2	13	184
2	13	449
2	13	726
2	13	136
2	13	609
2	13	673
2	13	475
2	14	539
2	14	227
2	14	302
2	15	539
2	15	914
2	15	227
2	15	998
2	15	820
2	15	537
2	15	928
2	16	539
2	16	914
2	16	442
2	16	209
2	16	239
2	16	623
2	16	108
2	17	767
2	17	302
2	17	55
2	17	449
2	17	537
2	17	136
2	17	609
2	17	75
2	17	157
2	17	954
2	17	415
2	17	433
2	17	562
2	17	573
2	17	994
2	17	1
2	17	931
2	17	995
2	17	561
2	17	5
2	17	549
2	17	242
2	17	15
2	17	772
2	17	959
2	17	443
2	17	685
2	17	901
2	17	826
2	17	245
2	17	481
2	17	682
2	17	425
2	17	446
2	17	222
2	17	942
2	17	378
2	17	662
2	17	867
2	17	254
2	17	225
2	17	945
2	17	434
2	17	341
2	17	444
2	17	3
2	17	941
2	17	897
2	17	219
2	17	535
2	17	980
2	17	793
2	17	172
2	17	829
2	17	192
2	17	384
2	17	583
2	17	640
2	17	155
2	17	918
2	17	358
2	17	919
2	17	516
2	17	274
2	17	300
2	17	696
2	17	585
2	17	593
2	17	16
2	17	403
2	17	166
2	17	422
2	17	847
2	17	999
2	17	813
2	17	907
2	17	715
2	17	690
2	17	706
2	17	542
2	17	218
2	17	910
2	17	417
2	17	575
2	17	836
2	17	854
2	17	388
2	17	72
2	17	32
2	17	12
2	17	19
2	17	29
2	17	60
2	17	64
2	17	78
2	17	83
2	17	99
2	17	102
2	17	103
2	17	104
2	17	107
2	17	111
2	17	118
2	17	119
2	17	120
2	17	130
2	17	138
2	17	141
2	17	142
2	17	143
2	17	145
2	17	147
2	17	151
2	17	152
2	17	159
2	17	167
2	17	173
2	17	177
2	17	187
2	17	188
2	17	193
2	17	194
2	17	196
2	17	199
2	17	204
2	17	205
2	17	206
2	17	207
2	17	211
2	17	221
2	17	224
2	17	231
2	17	234
2	17	235
2	17	241
2	17	249
2	17	255
2	17	264
2	17	269
2	17	270
2	17	272
2	17	278
2	17	286
2	17	287
2	17	288
2	17	289
2	17	291
2	17	292
2	17	293
2	17	298
2	17	301
2	17	309
2	17	310
2	17	313
2	17	319
2	17	320
2	17	322
2	17	333
2	17	338
2	17	349
2	17	352
2	17	356
2	17	361
2	17	364
2	17	373
2	17	376
2	17	380
2	17	381
2	17	383
2	17	385
2	17	387
2	17	389
2	17	392
2	17	393
2	17	394
2	17	397
2	17	399
2	17	401
2	17	407
2	17	413
2	17	416
2	17	419
2	17	420
2	17	421
2	17	423
2	17	424
2	17	426
2	17	428
2	17	429
2	17	432
2	17	450
2	17	451
2	17	454
2	17	455
2	17	458
2	17	459
2	17	460
2	17	461
2	17	463
2	17	464
2	17	465
2	17	470
2	17	473
2	17	474
2	17	477
2	17	480
2	17	483
2	17	484
2	17	486
2	17	487
2	17	489
2	17	494
2	17	495
2	17	497
2	17	500
2	17	502
2	17	503
2	17	504
2	17	505
2	17	507
2	17	509
2	17	511
2	17	513
2	17	517
2	17	518
2	17	521
2	17	524
2	17	525
2	17	526
2	17	528
2	17	531
2	17	533
2	17	536
2	17	541
2	17	544
2	17	546
2	17	553
2	17	555
2	17	559
2	17	560
2	17	565
2	17	568
2	17	574
2	17	576
2	17	579
2	17	582
2	17	586
2	17	587
2	17	589
2	17	592
2	17	600
2	17	601
2	17	603
2	17	606
2	17	608
2	17	613
2	17	616
2	17	617
2	17	618
2	17	619
2	17	622
2	17	629
2	17	630
2	17	631
2	17	633
2	17	634
2	17	635
2	17	637
2	17	641
2	17	645
2	17	646
2	17	648
2	17	649
2	17	652
2	17	656
2	17	657
2	17	658
2	17	660
2	17	663
2	17	665
2	17	667
2	17	669
2	17	671
2	17	675
2	17	677
2	17	686
2	17	687
2	17	688
2	17	694
2	17	695
2	17	698
2	17	699
2	17	705
2	17	707
2	17	709
2	17	711
2	17	712
2	17	714
2	17	716
2	17	719
2	17	723
2	17	725
2	17	727
2	17	728
2	17	730
2	17	732
2	17	733
2	17	735
2	17	736
2	17	737
2	17	738
2	17	740
2	17	742
2	17	746
2	17	750
2	17	751
2	17	753
2	17	754
2	17	755
2	17	756
2	17	761
2	17	762
2	17	765
2	17	770
2	17	776
2	17	786
2	17	788
2	17	789
2	17	791
2	17	796
2	17	804
2	17	807
2	17	811
2	17	812
2	17	817
2	17	819
2	17	821
2	17	822
2	17	828
2	17	831
2	17	834
2	17	838
2	17	841
2	17	843
2	17	844
2	17	845
2	17	850
2	17	856
2	17	858
2	17	859
2	17	863
2	17	865
2	17	873
2	17	876
2	17	880
2	17	885
2	17	890
2	17	896
2	17	900
2	17	904
2	17	905
2	17	909
2	17	912
2	17	913
2	17	917
2	17	920
2	17	926
2	17	927
2	17	929
2	17	930
2	17	932
2	17	935
2	17	938
2	17	940
2	17	944
2	17	948
2	17	949
2	17	950
2	17	956
2	17	957
2	17	958
2	17	966
2	17	967
2	17	968
2	17	972
2	17	977
2	17	984
2	17	985
2	17	987
2	17	989
2	17	992
2	17	993
2	17	997
2	18	937
2	18	174
2	18	998
2	18	612
2	18	668
2	18	53
2	18	386
2	18	209
2	18	52
2	18	764
2	18	887
2	18	563
2	18	962
2	18	11
2	18	22
2	19	539
2	19	767
2	19	302
2	19	849
2	19	304
2	19	609
2	19	18
2	19	386
2	19	139
2	19	625
2	19	650
2	19	433
2	19	135
2	19	893
2	19	327
2	19	962
2	19	965
2	19	328
2	19	664
2	19	595
2	19	823
2	19	176
2	19	739
2	19	666
2	19	792
2	19	899
2	19	862
2	19	4
2	19	44
2	19	46
2	19	47
2	19	56
2	19	58
2	19	73
2	19	86
2	19	89
2	19	91
2	19	94
2	19	98
2	19	115
2	19	117
2	19	121
2	19	137
2	19	144
2	19	149
2	19	150
2	19	154
2	19	162
2	19	168
2	19	175
2	19	179
2	19	180
2	19	200
2	19	201
2	19	202
2	19	208
2	19	213
2	19	214
2	19	217
2	19	220
2	19	226
2	19	229
2	19	232
2	19	236
2	19	237
2	19	238
2	19	243
2	19	246
2	19	252
2	19	253
2	19	256
2	19	260
2	19	263
2	19	265
2	19	276
2	19	282
2	19	283
2	19	285
2	19	294
2	19	295
2	19	296
2	19	303
2	19	306
2	19	307
2	19	312
2	19	314
2	19	316
2	19	317
2	19	323
2	19	330
2	19	332
2	19	334
2	19	339
2	19	342
2	19	345
2	19	346
2	19	353
2	19	357
2	19	359
2	19	360
2	19	367
2	19	369
2	19	371
2	20	539
2	20	767
2	20	302
2	20	412
2	20	612
2	20	849
2	21	539
2	21	914
2	21	227
2	21	849
2	21	654
2	21	626
2	22	914
2	22	227
2	22	767
2	23	539
2	23	668
2	23	643
2	24	227
2	24	55
2	24	449
2	24	304
2	25	539
2	25	767
2	25	654
2	26	914
2	26	76
2	26	726
2	26	661
2	26	577
2	26	139
2	26	140
2	26	954
2	26	625
2	26	764
2	26	870
2	26	556
2	26	893
2	26	971
2	26	994
2	26	218
2	26	910
2	26	417
2	26	575
2	26	836
2	26	854
2	26	388
2	26	72
2	26	32
2	26	0
2	26	13
2	26	24
2	27	227
2	27	612
2	27	620
2	27	626
2	27	726
2	27	93
2	27	886
2	27	212
2	27	75
2	27	230
2	27	161
2	27	515
2	28	539
2	28	227
2	28	329
2	28	668
2	29	539
2	29	174
2	29	275
2	30	914
2	30	620
2	30	668
2	30	886
2	30	915
2	30	810
2	30	887
2	30	558
2	30	571
2	31	539
2	31	227
2	31	767
2	31	937
2	31	449
2	31	412
2	31	674
2	31	93
2	31	609
2	31	53
2	31	628
2	31	386
2	32	227
2	32	849
2	32	537
2	32	626
2	32	391
2	32	886
2	32	281
2	33	227
2	33	767
2	33	830
2	33	643
2	33	93
2	33	442
2	33	661
2	33	290
2	33	628
2	33	18
2	33	915
2	33	257
2	33	87
2	33	490
2	33	515
2	33	571
2	33	327
2	33	328
2	33	7
2	33	8
2	33	34
2	33	38
2	33	69
2	33	80
2	33	85
2	33	95
2	33	106
2	33	112
2	33	116
2	33	123
2	34	539
2	34	914
2	34	767
2	34	174
2	35	539
2	35	227
2	35	55
2	36	174
2	36	275
2	36	643
2	36	954
2	36	991
2	37	914
2	37	93
2	37	442
2	37	400
2	38	539
2	38	914
2	38	302
2	38	820
2	38	184
2	38	620
2	38	537
2	38	136
2	38	290
2	38	212
2	38	52
2	38	257
2	38	653
2	38	109
2	39	227
2	39	612
2	39	329
2	40	184
2	40	668
2	40	76
2	40	239
2	40	140
2	40	951
2	40	108
2	40	653
2	40	490
2	40	810
2	40	870
2	41	227
2	41	937
2	41	668
2	41	886
2	41	281
2	41	290
2	41	430
2	41	239
2	41	639
2	41	135
2	41	887
2	41	558
2	41	562
2	41	327
2	41	965
2	41	664
2	41	595
2	41	823
2	41	176
2	41	17
2	42	302
2	42	55
2	42	326
2	42	830
2	42	18
2	43	914
2	43	174
2	43	184
2	43	412
2	43	612
2	43	326
2	43	702
2	43	661
2	43	290
2	43	430
2	43	475
2	43	577
2	43	915
2	43	157
2	43	625
2	43	230
2	43	623
2	43	266
2	43	639
2	43	134
2	43	771
2	43	810
2	43	558
2	43	563
2	43	571
2	43	946
2	43	328
2	43	883
2	43	261
2	43	113
2	43	169
2	43	797
2	43	787
2	43	90
2	43	953
2	43	835
2	43	40
2	43	469
2	43	105
2	43	578
2	43	975
2	43	45
2	43	697
2	43	368
2	43	156
2	43	554
2	43	251
2	43	331
2	43	189
2	43	163
2	43	861
2	43	538
2	43	492
2	43	889
2	43	773
2	43	379
2	43	758
2	43	996
2	43	62
2	43	760
2	43	57
2	43	409
2	43	31
2	43	49
2	43	54
2	43	67
2	43	84
2	44	55
2	44	449
2	44	412
2	44	612
2	44	400
2	45	227
2	45	302
2	45	449
2	46	539
2	46	302
2	46	937
2	46	998
2	47	412
2	47	612
2	47	849
2	47	626
2	47	830
2	48	998
2	48	654
2	48	304
2	48	442
2	49	539
2	49	914
2	49	767
2	49	998
2	49	820
2	50	914
2	50	820
2	50	275
2	51	914
2	51	227
2	51	820
2	51	275
2	52	539
2	52	914
2	52	55
2	52	937
2	53	914
2	53	767
2	53	302
2	53	937
2	54	227
2	54	937
2	54	174
2	54	391
2	55	539
2	55	937
2	55	326
2	55	442
2	56	998
2	56	626
2	56	673
2	56	239
2	56	132
2	56	140
2	57	539
2	57	914
2	57	227
2	57	928
2	57	136
2	57	209
2	58	539
2	58	767
2	58	820
2	58	275
2	58	643
2	58	304
2	58	702
2	58	391
2	58	281
2	58	951
2	59	227
2	59	767
2	59	937
2	59	643
2	60	539
2	60	302
2	60	55
2	60	275
2	61	227
2	61	937
2	61	998
2	61	820
2	62	539
2	62	302
2	62	537
2	62	96
2	62	623
2	62	109
2	62	771
2	62	780
2	62	781
2	62	527
2	62	556
2	62	573
2	62	971
2	62	591
2	62	883
2	62	261
2	62	113
2	62	169
2	62	797
2	62	787
2	62	90
2	62	953
2	62	835
2	62	40
2	62	469
2	62	105
2	62	578
2	62	975
2	62	45
2	62	697
2	62	368
2	62	156
2	62	554
2	62	251
2	62	331
2	62	189
2	62	163
2	62	861
2	62	538
2	62	492
2	62	889
2	62	773
2	62	379
2	62	758
2	62	996
2	62	62
2	62	760
2	62	57
2	62	409
2	62	793
2	62	172
2	62	829
2	62	192
2	62	384
2	62	583
2	62	640
2	62	155
2	62	918
2	62	358
2	62	919
2	62	516
2	62	274
2	62	300
2	62	696
2	62	585
2	62	593
2	62	16
2	62	403
2	62	166
2	62	422
2	62	847
2	62	999
2	62	813
2	62	907
2	62	715
2	62	690
2	62	706
2	62	542
2	62	9
2	62	37
2	63	539
2	63	302
2	63	830
2	63	928
2	63	726
2	63	209
2	63	577
2	63	139
2	63	639
2	63	653
2	63	134
2	64	539
2	64	914
2	64	227
2	64	612
2	64	849
2	64	620
2	64	326
2	65	820
2	65	275
2	65	184
2	65	928
2	65	304
2	65	674
2	65	702
2	65	136
2	65	139
2	65	650
2	65	771
2	65	25
2	65	563
2	65	971
2	65	411
2	65	348
2	65	508
2	65	355
2	65	170
2	65	27
2	65	30
2	65	36
2	66	302
2	66	184
2	66	849
2	66	674
2	67	914
2	67	767
2	67	275
2	68	227
2	68	767
2	68	998
2	69	914
2	69	767
2	69	302
2	69	55
2	70	767
2	70	654
2	70	830
2	70	76
2	71	539
2	71	767
2	71	668
2	71	326
2	71	626
2	72	998
2	72	184
2	72	329
2	72	620
2	72	928
2	72	674
2	72	281
2	72	430
2	73	227
2	73	55
2	73	174
2	73	184
2	73	449
2	73	849
2	73	654
2	73	673
2	73	212
2	73	430
2	73	475
2	73	915
2	74	539
2	74	998
2	74	412
2	74	654
2	74	661
2	74	609
2	74	96
2	74	132
2	74	75
2	75	329
2	75	928
2	75	674
2	75	628
2	75	673
2	75	212
2	75	951
2	75	991
2	75	415
2	75	764
2	75	573
2	75	962
2	75	965
2	75	20
2	75	21
2	75	23
2	75	35
2	76	937
2	76	76
2	76	53
2	77	55
2	77	174
2	77	654
2	78	55
2	78	174
2	78	326
2	78	76
2	78	304
2	78	702
2	78	391
2	78	18
2	78	96
2	78	157
2	78	991
2	78	161
2	78	134
2	78	781
2	78	893
2	78	591
2	78	14
2	78	240
2	78	802
2	78	28
2	78	970
2	78	462
2	78	739
2	78	666
2	78	792
2	78	899
2	78	862
2	78	48
2	78	61
2	78	65
2	78	70
2	78	71
2	78	92
2	78	97
2	78	100
2	78	110
2	78	125
2	78	131
2	78	133
2	78	148
2	78	158
2	79	539
2	79	329
2	79	391
2	79	281
2	80	227
2	80	620
2	80	991
2	81	914
2	81	767
2	81	174
2	81	412
2	82	820
2	82	329
2	82	132
2	82	951
2	82	52
